176
012
000
000
176
013
000
000
176
014
000
000
176
015
000
000
176
016
000
000
176
026
000
000
176
027
032
012
176
030
042
060
176
031
013
000
176
032
077
050
176
033
052
037
176
034
022
012
176
035
070
040
176
036
052
027
176
037
012
012
176
040
076
040
176
041
052
030
176
042
012
014
176
043
002
074
176
044
013
041
176
045
075
010
176
046
022
026
176
047
077
050
176
050
056
026
176
051
012
014
176
052
002
056
176
053
012
057
176
054
032
013
176
055
052
030
176
056
000
070
176
057
062
001
176
060
000
000
176
061
000
000
176
062
060
031
176
063
052
062
176
064
060
036
176
065
032
014
176
066
012
014
176
067
056
060
176
070
060
011
176
071
052
070
176
072
060
016
176
073
052
065
176
074
003
000
176
075
043
043
176
076
070
041
176
077
012
015
177
000
074
002
177
001
060
032
177
002
060
014
177
003
062
014
177
004
012
057
177
005
032
013
177
006
076
004
177
007
077
000
177
010
013
053
177
011
013
052
177
012
032
061
177
013
042
026
177
014
053
013
177
015
032
015
177
016
012
013
177
017
033
036
177
020
012
014
177
021
033
076
177
022
042
060
177
023
033
055
177
024
042
026
177
025
052
075
177
026
043
043
177
027
074
020
177
030
053
036
177
031
032
016
177
032
013
076
177
033
013
055
177
034
012
015
177
035
053
015
177
036
000
000
177
037
036
016
177
040
022
016
177
041
076
000
177
042
053
032
177
043
000
000
177
044
013
076
177
045
071
006
177
046
070
006
177
047
070
006
177
050
013
055
177
051
057
043
177
052
052
062
177
053
000
006
177
054
000
000
177
055
000
000
177
077
053
001
