200
200
200
200
200
200
200
200
200
200
200
200
200
200
200
200
200
200
200
200
200
200
200
200
200
200
100
001
076
000
077
070
077
001
000
004
000
077
077
040
001
000
000
000
000
000
000
000
000
000
077
074
001
040
002
060
003
040
002
001
002
000
002
040
002
057
002
011
002
015
002
012
003
077
077
051
002
040
002
025
002
014
002
007
002
012
003
077
002
015
000
000
075
001
002
077
001
077
075
063
077
076
075
040
074
040
077
037
004
014
014
050
010
052
001
012
010
053
013
007
016
024
043
041
011
041
010
054
054
011
012
077
043
027
005
022
007
050
006
032
000
012
075
006
010
064
011
054
011
046
010
075
002
013
003
032
004
053
011
023
053
020
006
067
006
061
003
012
004
042
004
037
003
034
000
000
000
000
000
000
016
024
000
000
000
000
000
000
077
077
000
000
000
000
000
000
000
000
000
000
000
000
000
000
000
000
000
000
000
000
000
000
010
057
031
015
031
014
031
013
031
012
054
020
011
013
074
010
011
014
031
031
031
023
055
051
002
030
011
020
070
041
011
022
077
010
041
065
011
020
031
024
011
022
031
065
054
077
000
000
000
000
076
000
010
042
044
075
054
056
011
022
054
077
015
002
006
003
051
035
054
056
060
046
010
075
031
033
010
060
034
062
021
027
030
040
011
002
035
004
010
025
044
073
031
020
031
022
010
050
011
053
032
032
031
031
044
053
010
072
075
000
052
030
010
071
075
000
053
060
072
000
011
031
074
002
011
022
031
022
043
032
003
071
076
076
011
023
031
030
044
053
010
044
076
040
041
065
011
020
074
050
011
022
031
020
011
022
070
040
011
020
075
000
041
065
031
021
011
020
077
010
041
065
011
030
043
032
010
000
005
064
041
065
002
013
006
023
006
023
002
015
002
015
001
072
002
016
001
043
001
045
006
022
010
023
006
023
006
023
002
020
001
052
001
066
001
066
010
023
000
000
045
001
011
017
074
040
034
013
011
015
035
032
011
034
035
015
011
015
031
032
020
013
010
013
031
015
031
026
057
012
000
000
074
040
031
023
017
032
023
032
030
012
014
012
075
010
053
055
070
041
011
023
076
040
053
040
010
012
017
032
033
032
017
032
033
032
057
032
023
032
072
000
057
032
033
032
011
031
071
006
070
004
031
030
011
031
070
004
011
030
013
032
052
020
002
015
002
033
002
012
002
040
002
053
002
054
002
055
002
056
002
057
002
074
002
075
003
075
002
076
000
000
002
044
003
077
002
025
002
072
011
014
031
020
052
022
044
052
011
020
076
050
021
020
011
020
044
067
031
032
015
032
031
034
072
040
011
020
031
013
011
015
030
013
031
026
044
053
045
000
000
030
011
031
042
053
052
036
045
006
021
014
021
013
010
021
045
075
053
076
052
036
000
000
011
023
010
041
076
050
052
074
011
023
000
017
010
047
074
050
056
053
010
015
076
050
052
074
011
023
000
005
042
077
056
053
010
005
042
077
052
070
000
000
033
022
070
001
045
075
053
076
013
022
021
026
053
013
011
017
034
013
031
017
056
077
071
006
070
006
070
006
031
017
070
040
031
026
056
077
000
000
043
044
053
032
077
010
010
007
010
021
012
077
057
022
043
044
053
027
070
040
033
044
013
044
000
030
076
040
053
023
013
044
053
025
000
000
021
025
053
056
014
010
031
065
011
065
071
012
070
012
070
012
053
061
070
040
031
025
011
065
000
005
032
077
012
077
010
003
076
050
057
044
023
044
012
077
010
006
057
044
010
025
044
073
052
033
014
020
077
000
010
034
044
075
054
020
000
000
010
013
071
040
010
001
076
030
052
020
010
014
031
016
010
034
044
075
021
016
052
013
056
003
022
003
056
003
010
045
011
013
070
001
074
050
041
065
031
020
070
040
031
021
011
020
076
040
052
041
011
014
070
041
031
021
021
020
011
020
044
067
031
032
015
032
076
050
053
073
070
040
015
032
030
010
014
010
031
034
070
040
031
025
011
020
031
013
021
020
074
004
070
006
077
010
054
020
044
066
044
073
011
023
010
044
076
040
052
061
021
021
052
041
054
020
010
025
044
073
013
044
074
050
015
032
033
044
045
006
021
020
021
014
011
015
030
013
031
026
044
053
045
000
000
031
011
037
045
001
053
012
045
000
000
036
011
037
045
001
052
061
013
044
074
050
015
032
031
064
033
044
045
006
045
074
011
015
030
013
010
021
045
075
054
020
021
021
054
070
054
020
000
000
010
025
044
073
053
007
000
000
070
041
075
000
041
065
031
031
011
031
070
001
011
014
077
010
041
065
010
054
053
066
015
030
074
040
031
030
021
031
053
064
011
030
057
050
070
040
011
020
031
013
011
013
031
014
041
065
003
006
003
001
003
011
003
003
003
013
003
004
003
014
003
016
003
020
003
022
003
024
003
015
003
007
003
023
060
030
076
034
077
066
077
077
011
022
031
020
010
014
031
025
012
051
032
036
031
024
052
035
021
024
031
020
011
020
074
002
075
000
052
033
072
000
011
024
010
016
044
075
022
036
021
025
052
031
054
020
012
017
000
000
031
023
043
041
000
043
074
050
052
053
010
021
042
064
011
023
056
052
000
000
031
023
011
027
076
050
056
064
045
000
000
023
011
060
021
016
011
023
045
033
056
064
010
025
045
033
031
016
010
035
052
076
074
004
070
004
077
010
053
023
011
016
010
002
075
000
053
012
031
016
010
022
045
033
021
016
053
016
056
064
010
024
045
033
010
036
052
076
000
000
060
011
053
035
033
041
060
016
057
027
023
041
053
030
057
040
005
076
000
000
060
031
053
042
060
036
057
041
000
000
060
041
053
047
060
046
072
000
057
046
000
000
060
021
053
055
060
026
072
000
057
054
013
055
005
073
005
076
005
076
010
053
013
012
004
044
007
045
006
061
012
010
006
076
013
012
007
025
007
016
016
010
016
010
016
010
016
010
011
005
011
000
010
077
010
077
044
061
030
040
055
005
076
002
042
034
054
070
042
034
042
025
010
033
044
073
010
006
042
025
054
020
000
000
010
014
032
034
044
073
022
034
052
030
056
025
000
000
021
027
074
004
070
012
076
020
052
045
060
026
010
074
074
010
010
075
031
033
056
034
031
027
074
004
070
012
077
000
054
051
010
065
034
062
060
011
060
014
054
051
042
034
010
006
052
022
011
020
074
052
070
001
070
041
031
024
010
063
034
020
010
064
030
011
031
020
052
014
052
016
051
035
052
050
021
024
052
074
010
034
044
075
010
076
034
020
054
020
010
013
070
041
011
015
011
017
076
040
011
027
076
050
054
055
011
011
044
073
010
013
031
024
021
026
053
046
015
024
000
005
010
003
076
040
053
044
070
040
031
026
070
040
010
013
030
013
015
024
002
053
031
017
054
055
015
024
002
053
010
007
076
040
053
035
035
024
053
037
011
027
076
050
074
004
077
000
055
007
070
040
031
025
044
053
010
046
076
050
053
063
011
023
031
030
021
025
010
030
010
022
031
023
045
001
011
030
055
010
044
061
030
040
011
003
035
004
011
015
030
013
031
026
036
012
054
070
007
044
011
024
070
041
011
022
077
010
052
025
011
065
070
040
011
022
077
050
041
065
011
024
044
067
031
021
070
001
011
065
044
067
031
020
011
022
044
067
031
022
015
021
031
031
015
020
035
021
015
022
035
020
011
031
035
022
054
020
000
000
011
020
070
041
070
001
011
021
011
014
077
010
041
065
011
020
044
067
031
032
015
032
074
050
052
072
031
064
015
064
035
032
043
002
072
040
011
014
031
014
021
021
052
060
011
020
031
013
056
050
000
000
011
064
030
010
044
066
010
044
076
040
053
005
010
010
070
040
011
064
033
062
010
054
031
031
015
031
074
050
053
034
031
030
011
064
071
041
011
030
076
030
013
062
011
030
035
031
011
030
053
016
070
040
011
064
030
010
013
062
070
041
010
010
030
013
011
015
070
041
010
013
070
001
074
050
053
056
033
062
014
013
034
010
023
062
053
052
010
010
070
001
031
015
057
002
000
000
044
052
054
020
012
016
004
014
004
020
004
017
001
035
015
063
006
032
012
065
012
013
012
050
012
062
014
013
016
003
014
001
011
020
076
040
052
011
011
013
031
020
021
020
070
001
011
020
044
067
030
010
070
040
031
025
044
066
045
000
000
021
011
056
054
070
032
065
200
200
200
200
200
200
200
200
200
200
200
200
200
200
200
200
200
200
200
200
200
200
200
200
200
200
