200
200
200
200
200
200
200
200
200
200
103
055
106
117
103
101
114
054
061
071
066
071
015
015
060
061
056
060
064
040
124
040
042
103
117
116
124
122
117
114
040
103
101
114
114
111
116
107
040
114
125
116
101
122
040
115
117
104
125
114
105
056
040
040
115
101
116
125
101
114
040
103
117
116
124
122
117
114
040
111
123
040
116
105
103
105
123
123
101
122
131
042
041
015
060
061
056
060
066
040
124
040
042
131
117
125
040
115
101
131
040
122
105
123
105
124
040
106
125
105
114
040
122
101
124
105
040
113
040
105
101
103
110
040
061
060
040
123
105
103
123
040
124
117
040
060
040
117
122
040
101
116
131
040
126
101
114
125
105
042
041
015
060
061
056
060
070
040
124
040
042
102
105
124
127
105
105
116
040
070
046
062
060
060
040
114
102
123
057
123
105
103
056
040
040
131
117
125
047
126
105
040
061
066
060
060
060
040
114
102
123
040
106
125
105
114
040
105
123
124
111
115
101
124
105
042
041
015
060
061
056
061
061
040
124
040
042
106
122
105
105
040
106
101
114
114
040
111
115
120
101
103
124
040
124
111
115
105
040
061
062
060
040
123
105
103
123
056
040
103
101
120
123
125
114
105
040
127
105
111
107
110
124
040
063
062
065
060
060
040
114
102
123
042
041
015
060
061
056
062
060
040
124
040
042
106
111
122
123
124
040
122
101
104
101
122
040
103
110
105
103
113
040
103
117
115
111
116
107
040
125
120
042
041
041
041
015
060
061
056
063
060
040
124
040
042
103
117
115
115
105
116
103
105
040
114
101
116
104
111
116
107
040
120
122
117
103
105
104
125
122
105
042
041
042
124
111
115
105
054
123
105
103
123
040
040
040
101
114
124
111
124
125
104
105
054
042
015
060
061
056
064
060
040
124
040
042
115
111
114
105
123
053
106
105
105
124
040
040
040
126
105
114
117
103
111
124
131
054
115
120
110
040
040
040
106
125
105
114
054
114
102
123
040
040
040
106
125
105
114
040
122
101
124
105
042
041
015
015
060
062
056
060
065
040
123
040
114
075
060
073
123
040
101
075
061
062
060
073
123
040
126
075
061
073
123
040
115
075
063
063
060
060
060
073
123
040
116
075
061
066
065
060
060
073
123
040
107
075
056
060
060
061
073
123
040
132
075
061
056
070
015
060
062
056
061
060
040
124
040
042
040
040
040
040
042
054
045
063
054
114
054
042
040
040
040
040
040
040
040
042
054
106
111
124
122
050
101
051
054
042
040
040
042
054
045
064
054
065
062
070
060
052
050
101
055
106
111
124
122
050
101
051
051
015
060
062
056
062
060
040
124
040
045
066
056
060
062
054
042
040
040
040
040
040
040
040
042
054
063
066
060
060
052
126
054
042
040
040
040
040
042
054
045
066
056
060
061
054
115
055
116
054
042
040
040
040
040
040
040
113
075
042
073
101
040
113
073
123
040
124
075
061
060
015
060
062
056
067
060
040
124
040
045
067
056
060
062
073
111
040
050
113
051
062
056
067
062
073
111
040
050
062
060
060
055
113
051
062
056
067
062
073
111
040
050
113
055
070
051
062
056
067
061
054
063
056
061
054
063
056
061
015
060
062
056
067
061
040
111
040
050
113
055
060
051
062
056
067
062
054
063
056
061
054
062
056
067
062
015
060
062
056
067
062
040
124
040
042
116
117
124
040
120
117
123
123
111
102
114
105
042
073
106
040
130
075
061
054
065
061
073
124
040
042
056
042
015
060
062
056
067
063
040
124
040
042
113
075
042
073
101
040
113
073
107
040
062
056
067
015
015
060
063
056
061
060
040
111
040
050
050
115
055
116
051
055
056
060
060
061
051
064
056
061
073
111
040
050
124
055
056
060
060
061
051
062
056
061
073
123
040
123
075
124
015
060
063
056
064
060
040
111
040
050
050
116
053
123
052
113
051
055
115
051
063
056
065
054
063
056
065
073
123
040
123
075
050
115
055
116
051
057
113
015
060
063
056
065
060
040
104
040
071
073
111
040
050
111
051
067
056
061
054
067
056
061
073
111
040
050
126
051
063
056
070
054
063
056
070
073
111
040
050
112
051
070
056
061
015
060
063
056
070
060
040
104
040
066
073
107
040
063
056
061
015
015
060
064
056
061
060
040
124
040
042
106
125
105
114
040
117
125
124
040
101
124
042
054
114
054
042
040
123
105
103
123
042
041
015
060
064
056
064
060
040
123
040
123
075
050
055
126
053
106
123
121
124
050
126
052
126
053
062
052
101
052
107
051
051
057
107
073
123
040
126
075
126
053
107
052
123
073
123
040
114
075
114
053
123
015
015
060
065
056
061
060
040
124
040
042
117
116
040
124
110
105
040
115
117
117
116
040
101
124
042
054
114
054
042
040
123
105
103
123
042
041
073
123
040
127
075
063
066
060
060
052
126
015
060
065
056
062
060
040
124
040
042
111
115
120
101
103
124
040
126
105
114
117
103
111
124
131
040
117
106
042
054
127
054
042
115
120
110
072
041
054
072
106
125
105
114
040
114
105
106
124
040
042
015
060
065
056
063
060
040
124
040
115
055
116
054
042
040
114
102
123
056
042
041
073
111
040
050
055
127
053
061
051
065
056
065
054
065
056
065
015
060
065
056
064
060
040
124
040
042
120
105
122
106
105
103
124
040
114
101
116
104
111
116
107
040
041
055
050
114
125
103
113
131
051
042
041
073
107
040
065
056
071
015
060
065
056
065
060
040
111
040
050
055
127
053
061
060
051
065
056
066
054
065
056
066
073
124
040
042
107
117
117
104
040
114
101
116
104
111
116
107
055
050
103
117
125
114
104
040
102
105
040
102
105
124
124
105
122
051
042
041
107
040
065
056
071
015
060
065
056
066
060
040
111
040
050
055
127
053
062
065
051
065
056
067
054
065
056
067
073
124
040
042
103
117
116
107
122
101
124
125
114
101
124
111
117
116
123
040
117
116
040
101
040
120
117
117
122
040
114
101
116
104
111
116
107
042
041
073
107
040
065
056
071
015
060
065
056
067
060
040
111
040
050
055
127
053
066
060
051
065
056
070
054
065
056
070
073
124
040
042
103
122
101
106
124
040
104
101
115
101
116
107
105
056
040
040
107
117
117
104
040
114
125
103
113
042
041
073
107
040
065
056
071
015
060
065
056
070
060
040
124
040
042
123
117
122
122
131
054
040
102
125
124
040
124
110
105
122
105
040
127
105
122
105
040
116
117
040
123
125
122
126
111
126
117
122
123
056
040
040
131
117
125
040
102
114
105
127
040
111
124
041
042
041
042
111
116
042
015
060
065
056
070
061
040
124
040
042
040
106
101
103
124
040
131
117
125
040
102
114
101
123
124
105
104
040
101
040
116
105
127
040
103
122
101
124
105
122
042
054
127
052
062
056
067
067
054
042
106
105
105
124
040
104
105
105
120
056
042
041
015
060
065
056
071
060
040
124
040
042
103
117
116
124
122
117
114
040
117
125
124
042
073
121
015
015
060
066
056
061
060
040
123
040
114
075
114
053
123
073
123
040
124
075
124
055
123
073
123
040
115
075
115
055
123
052
113
073
123
040
101
075
111
073
123
040
126
075
112
015
015
060
067
056
061
060
040
111
040
050
123
055
056
060
060
065
051
065
056
061
073
123
040
123
075
062
052
101
057
050
126
053
106
123
121
124
050
126
052
126
053
062
052
101
052
050
107
055
132
052
113
057
115
051
051
051
015
060
067
056
063
060
040
104
040
071
073
104
040
066
073
107
040
067
056
061
015
015
060
070
056
061
060
040
123
040
127
075
050
061
055
115
052
107
057
050
132
052
113
051
051
057
062
073
123
040
123
075
115
052
126
057
050
132
052
113
052
050
127
053
106
123
121
124
050
127
052
127
053
126
057
132
051
051
051
053
056
060
065
073
104
040
071
015
060
070
056
063
060
040
111
040
050
111
051
067
056
061
054
067
056
061
073
104
040
066
073
111
040
050
055
112
051
063
056
061
054
063
056
061
073
111
040
050
126
051
063
056
061
054
063
056
061
054
070
056
061
015
015
060
071
056
061
060
040
123
040
121
075
123
052
113
057
115
073
123
040
112
075
126
053
107
052
123
053
132
052
050
055
121
055
121
136
062
057
062
055
121
136
063
057
063
055
121
136
064
057
064
055
121
136
065
057
065
051
015
060
071
056
064
060
040
123
040
111
075
101
055
107
052
123
052
123
057
062
055
126
052
123
053
132
052
123
052
050
121
057
062
053
121
136
062
057
066
053
121
136
063
057
061
062
053
121
136
064
057
062
060
053
121
136
065
057
063
060
051
015
052
200
200
200
200
200
200
200
200
200
200
