200
200
200
200
200
200
200
200
200
200
200
200
200
200
200
200
170
000
036
075
000
010
043
057
016
073
033
067
016
074
037
067
033
067
012
063
033
074
060
031
052
012
060
036
033
057
013
057
047
072
013
073
030
004
012
043
033
023
017
023
023
023
075
010
052
077
070
041
013
057
076
040
052
024
013
023
012
042
033
023
017
023
033
023
057
023
005
014
070
044
003
020
003
005
003
024
002
012
002
015
002
057
003
002
003
007
002
073
003
003
003
027
003
036
003
015
003
001
003
037
077
073
013
067
074
040
033
070
017
070
047
071
033
075
052
007
073
057
073
060
073
063
073
062
072
000
013
057
012
026
075
000
053
017
012
001
075
010
053
017
033
023
013
067
071
004
070
006
013
023
033
067
023
074
052
012
072
000
012
027
047
072
052
002
000
000
013
074
070
041
012
063
076
050
057
023
013
067
023
075
037
070
057
023
043
023
043
057
052
007
012
050
047
072
043
023
047
072
023
070
013
070
047
071
012
051
047
072
052
067
043
023
017
070
033
070
043
057
053
045
000
000
012
050
047
072
012
047
047
072
070
040
033
075
057
057
000
000
000
000
074
046
072
030
072
043
000
000
077
077
013
067
036
076
001
077
057
067
076
002
013
062
047
065
001
000
017
062
047
065
000
000
013
062
070
041
017
064
076
050
057
067
023
062
052
006
057
067
076
002
013
063
047
065
000
000
012
071
042
030
052
025
000
000
060
046
060
041
052
032
076
000
056
030
017
064
074
050
013
066
033
057
053
020
033
055
070
004
033
056
013
060
037
057
071
001
013
057
033
061
013
060
013
072
002
071
076
060
052
065
043
022
076
050
052
067
013
060
053
006
013
057
002
034
033
062
013
060
002
000
013
062
033
062
013
060
003
073
076
050
053
002
017
062
033
062
043
022
074
050
047
071
013
077
033
051
027
065
053
044
060
002
013
057
047
070
012
076
042
030
013
055
047
070
047
066
057
067
000
000
013
060
003
074
013
075
057
022
017
064
033
061
013
052
033
051
033
055
074
010
017
064
070
040
037
065
047
066
060
042
017
057
033
060
013
076
037
057
013
056
071
010
013
055
074
002
057
061
023
061
053
052
000
000
000
000
071
057
000
000
000
000
067
077
000
000
071
067
074
001
071
057
070
007
074
046
074
075
020
000
004
000
070
000
040
000
054
004
047
062
001
077
000
000
032
046
012
046
070
012
070
012
070
012
003
054
016
001
042
036
012
046
003
054
042
036
056
001
047
042
017
041
032
036
016
036
002
000
032
001
016
036
002
022
076
050
052
032
017
041
002
066
012
001
037
041
056
035
071
055
000
000
032
075
017
046
012
075
037
046
012
075
047
045
056
036
000
000
032
001
013
052
032
036
012
001
070
004
070
004
070
006
032
001
012
001
003
051
013
055
047
045
012
001
022
036
052
054
076
000
013
031
047
045
056
046
077
077
000
001
070
000
000
000
017
047
032
046
017
050
036
046
027
047
013
053
056
075
047
043
012
073
032
075
016
075
002
072
070
041
017
044
076
040
053
025
012
075
042
046
013
057
047
045
016
075
042
046
047
043
012
075
022
075
070
041
012
074
076
040
053
010
047
043
057
051
013
056
013
060
037
044
057
066
071
070
071
023
071
057
071
067
072
030
073
063
073
062
073
061
070
007
077
074
010
000
000
077
000
060
076
063
002
057
074
072
072
002
072
021
072
025
071
040
071
035
070
064
072
036
073
027
071
076
073
035
075
005
074
016
075
036
075
035
071
052
005
066
200
200
200
200
200
200
200
200
200
200
200
200
200
200
200
200
