200
200
200
200
200
200
200
200
200
200
200
200
200
200
200
200
200
200
200
200
200
200
200
200
200
200
100
001
000
000
010
073
030
014
020
014
050
004
020
001
054
001
100
020
000
000
000
000
000
000
010
000
020
031
015
006
011
025
012
075
012
000
012
043
013
044
014
020
004
065
006
000
020
000
014
017
021
031
014
016
005
067
022
013
003
040
011
063
002
046
013
023
005
036
012
064
003
061
001
061
014
000
014
026
022
057
002
040
000
002
000
003
000
004
000
005
000
006
002
000
002
011
002
014
002
015
003
077
040
000
077
076
077
075
077
066
077
055
077
074
077
061
075
063
076
000
077
077
077
072
075
067
075
066
000
000
000
000
000
000
000
000
000
000
000
000
030
071
076
000
045
043
037
077
000
007
001
077
000
077
060
000
000
000
072
004
020
015
057
053
074
050
066
050
004
000
000
000
000
000
000
000
000
000
000
000
000
000
000
000
000
000
000
000
000
000
000
000
000
000
000
000
000
000
000
000
000
000
000
000
000
000
000
000
000
000
000
000
000
000
060
021
051
062
060
026
072
000
055
061
011
074
035
076
054
046
011
075
051
070
070
000
074
010
013
050
002
004
031
011
060
026
060
014
060
011
040
001
052
042
021
011
052
003
010
054
030
020
011
031
031
025
076
004
070
010
076
030
010
053
074
020
010
052
030
021
060
032
060
046
060
026
076
004
001
024
074
050
052
040
071
004
074
020
052
051
077
000
052
056
052
063
074
002
052
014
010
055
030
020
011
032
052
013
044
050
031
014
055
014
072
000
031
034
011
015
031
035
052
066
070
001
031
034
031
050
044
051
052
066
070
040
031
034
044
051
031
056
011
031
030
013
011
027
031
060
070
040
031
057
010
065
044
045
020
003
010
052
030
022
031
053
044
045
001
072
031
051
031
043
031
040
031
041
031
044
031
052
031
037
031
054
044
045
003
040
011
034
074
050
053
032
077
010
057
037
011
037
076
050
053
032
071
000
011
040
044
027
011
037
076
040
021
042
070
000
053
005
016
055
031
045
031
046
031
047
044
020
044
024
054
032
021
037
010
073
031
011
010
077
031
012
057
060
044
020
044
024
057
060
057
060
004
000
000
000
060
041
053
062
060
046
072
000
057
061
076
002
031
056
070
040
031
057
054
046
104
000
021
011
052
013
010
073
031
011
012
027
011
012
031
013
011
036
015
013
035
013
056
030
021
012
052
021
031
011
070
040
031
012
056
030
011
036
071
006
070
006
070
006
031
036
052
004
001
050
003
054
011
037
076
050
054
046
011
055
076
050
052
057
011
054
074
050
052
053
077
010
052
050
011
044
011
043
031
043
054
046
011
044
070
041
052
045
011
043
044
056
031
043
054
046
072
040
031
051
011
040
044
056
031
040
054
046
044
045
004
031
011
043
021
051
053
006
001
016
074
040
053
010
021
052
011
043
001
022
031
043
011
052
076
050
010
065
011
043
011
040
031
040
054
046
031
011
011
034
076
050
052
076
011
042
001
016
070
041
011
011
076
050
052
076
011
034
044
047
031
034
011
043
044
047
010
063
044
045
016
026
044
050
031
034
052
076
054
046
000
000
011
060
070
041
011
027
077
010
053
053
011
060
044
047
011
021
044
045
016
026
074
002
053
051
070
040
011
060
031
060
015
060
057
036
031
037
011
034
076
040
054
046
011
035
031
015
054
046
044
045
004
031
011
042
031
044
021
037
072
001
031
055
054
033
106
000
011
034
077
040
057
000
076
004
070
006
075
010
054
057
070
012
070
010
076
020
052
015
010
021
030
022
011
017
044
030
044
051
010
071
044
022
033
072
033
073
033
074
011
017
044
030
053
001
015
013
075
010
052
057
044
030
021
013
015
013
044
030
021
013
015
013
044
030
044
030
021
013
015
013
044
031
052
025
011
077
044
022
011
017
044
030
010
071
044
022
044
051
054
057
072
000
011
013
044
047
011
013
010
061
031
013
015
013
031
042
070
001
044
045
016
000
021
012
015
012
001
016
011
022
035
012
052
025
023
015
031
037
011
015
033
075
070
040
033
067
070
040
033
070
070
040
033
071
013
075
071
041
011
035
076
050
053
055
013
076
030
016
013
075
030
017
044
026
053
051
053
051
013
077
030
017
013
075
030
016
044
026
053
051
053
051
021
037
013
075
030
016
014
016
001
020
033
067
010
016
031
013
014
016
033
070
014
016
033
071
010
062
013
075
033
075
053
012
013
067
033
072
013
070
033
073
013
071
033
074
011
037
076
050
052
047
052
030
000
000
000
000
000
000
000
000
000
000
000
000
000
000
007
071
007
066
072
000
011
045
076
050
053
016
047
024
052
077
071
000
013
023
074
020
052
070
013
022
076
020
070
001
031
055
011
036
011
005
074
050
054
033
010
077
074
050
054
034
010
076
074
050
054
033
010
077
074
050
054
035
011
004
074
050
054
036
011
003
074
050
054
037
011
003
074
050
054
040
011
003
074
050
054
041
011
003
074
050
054
042
011
000
074
050
054
043
010
060
076
050
054
034
011
036
044
047
010
062
044
045
016
026
044
020
056
067
020
032
072
000
031
037
011
044
032
075
044
045
000
000
052
015
011
003
030
010
011
045
010
072
034
010
011
046
034
010
011
047
034
010
011
042
034
010
010
062
011
035
031
035
052
014
011
041
031
044
031
041
052
014
077
010
054
012
020
060
000
000
071
000
014
016
001
020
031
014
014
017
001
020
070
041
011
014
076
040
053
055
071
000
014
017
070
041
014
016
076
040
053
056
071
000
014
017
070
041
014
016
076
050
053
062
053
057
020
017
020
017
074
020
023
025
023
025
057
025
000
000
031
007
017
063
031
014
013
063
070
001
044
047
011
007
055
014
011
033
031
044
021
037
054
046
000
000
032
041
010
073
032
042
012
041
070
012
070
012
070
012
001
023
074
050
052
024
012
036
074
050
052
033
010
073
074
050
052
034
010
063
075
010
012
037
012
040
044
022
012
041
022
042
052
010
072
000
056
000
010
074
010
070
052
025
077
035
001
000
002
040
000
000
000
000
000
000
032
041
010
077
032
042
012
041
070
004
070
006
032
041
012
041
070
004
001
021
012
063
044
022
022
042
052
047
056
043
002
060
000
000
012
074
031
012
010
065
044
021
021
012
052
067
056
064
077
040
000
000
031
011
011
011
070
012
070
012
070
012
001
022
031
013
011
013
044
021
011
050
011
013
031
050
011
011
001
023
031
013
011
013
044
021
011
050
011
013
031
050
056
075
000
000
035
060
021
060
011
030
011
060
077
010
057
023
011
060
035
060
021
060
013
040
035
060
057
043
013
041
074
002
053
041
015
073
021
037
011
041
071
004
071
004
070
000
011
041
071
004
031
041
011
036
013
070
011
041
031
041
044
020
044
024
053
045
057
071
072
040
014
024
034
024
053
063
077
020
010
060
114
000
000
000
060
031
052
001
060
036
074
050
052
001
011
002
074
050
052
001
010
065
031
036
044
025
052
001
056
000
010
073
070
001
031
012
044
045
004
031
011
012
031
054
054
044
000
000
021
057
052
075
021
056
074
010
053
002
031
056
011
025
030
010
011
026
031
057
060
014
031
013
021
013
040
001
052
063
060
011
052
043
060
012
074
050
052
041
011
002
074
050
052
041
010
065
034
010
021
057
052
041
052
067
072
040
031
056
011
057
070
041
011
026
074
050
053
002
031
057
011
025
030
011
014
011
031
036
044
025
052
027
056
026
072
040
031
057
074
002
052
027
000
000
011
036
001
022
010
065
031
036
011
036
013
055
076
050
057
006
011
034
077
000
053
024
011
036
034
013
011
036
011
001
076
050
053
051
011
053
076
040
057
006
011
036
011
006
074
050
057
006
010
073
074
050
057
006
013
054
076
050
053
047
023
006
057
006
021
053
057
006
031
053
023
006
057
006
077
035
074
001
031
037
011
034
076
040
054
046
070
040
013
071
031
015
011
015
031
035
037
072
054
046
023
066
011
022
010
064
021
060
057
076
016
026
116
000
042
031
031
012
015
012
001
020
035
012
015
012
044
030
021
012
015
012
044
030
021
012
015
012
044
030
044
030
013
077
044
030
044
030
011
042
044
031
010
071
044
022
055
011
042
031
044
031
052
015
000
000
013
076
031
012
044
050
031
011
011
034
076
040
052
052
010
071
044
022
011
017
044
030
015
012
044
030
044
030
044
050
056
031
044
050
072
000
055
011
076
004
071
010
076
020
052
064
010
021
030
022
033
055
011
017
044
030
011
037
076
040
052
077
011
004
031
013
044
030
021
013
052
073
053
005
011
042
044
031
044
030
011
040
044
031
044
030
011
036
011
001
074
040
013
056
076
040
057
053
072
040
034
013
011
031
030
013
014
013
011
005
074
050
057
054
011
003
074
050
053
017
010
073
074
050
053
057
011
003
074
040
053
036
033
055
053
017
010
070
075
010
053
045
074
040
044
022
023
055
053
017
072
000
011
031
030
013
010
052
030
022
057
053
003
032
022
066
000
000
077
022
011
004
031
013
011
017
044
030
021
013
053
061
010
067
044
022
011
004
031
013
011
017
044
030
021
013
053
071
053
017
022
046
001
024
044
045
003
040
011
040
031
042
031
037
070
040
011
034
076
040
054
046
071
020
011
042
044
027
054
046
000
000
120
031
000
000
011
036
012
055
075
010
054
023
010
075
075
010
052
050
012
056
075
010
054
023
012
057
075
000
054
023
022
031
072
000
011
036
001
023
031
036
056
031
075
020
077
071
077
046
000
000
013
030
030
017
010
017
070
001
031
013
011
035
071
041
010
017
076
050
053
002
013
027
030
016
044
026
053
021
070
000
020
017
052
063
011
013
071
041
011
025
076
030
053
017
013
027
070
001
044
047
010
061
044
045
016
000
074
002
053
015
011
013
056
060
014
017
031
044
011
013
010
061
022
060
056
060
001
044
023
021
011
034
076
040
053
055
015
013
077
010
053
045
011
013
044
047
010
060
044
045
016
000
053
055
015
013
001
020
035
013
021
013
021
013
021
013
011
042
035
013
031
037
054
044
044
045
003
040
011
034
077
050
053
072
011
040
001
021
071
006
070
004
013
077
044
021
010
065
044
045
020
003
031
037
054
046
003
000
044
045
003
040
031
037
011
034
076
040
054
046
016
012
010
077
036
012
054
046
011
022
011
013
031
010
015
010
071
000
075
000
070
020
001
020
035
010
074
030
052
040
010
061
011
010
044
047
044
045
003
040
044
050
031
010
011
040
035
010
031
037
054
046
011
010
044
047
012
046
044
045
016
000
052
025
000
010
025
001
004
024
023
024
011
003
011
022
020
017
020
025
022
004
000
000
031
007
011
044
070
040
001
007
011
044
056
057
074
004
070
012
076
030
052
077
010
066
044
022
010
071
044
022
057
012
017
013
013
011
075
000
053
000
037
013
013
014
044
022
027
013
053
004
057
012
077
070
017
017
017
055
002
040
071
000
011
050
044
027
044
051
054
057
006
011
005
014
004
000
021
057
005
030
020
025
016
007
015
056
006
011
030
015
022
011
022
000
020
001
025
023
005
000
003
067
006
011
030
024
001
002
005
060
004
005
003
011
015
001
001
067
017
003
024
001
014
000
001
072
011
000
000
000
000
000
011
074
032
000
000
000
000
000
005
035
001
016
004
000
000
000
000
000
024
001
004
000
000
000
010
000
011
023
032
000
000
000
020
000
004
003
001
000
000
000
030
000
012
015
023
000
000
000
040
000
012
015
020
000
000
000
050
000
006
005
030
024
000
000
000
000
006
001
004
004
000
000
010
000
006
023
025
002
000
000
020
000
006
015
020
031
000
000
030
000
006
004
011
026
000
000
040
000
006
007
005
024
000
000
050
000
006
020
025
024
000
000
060
000
006
016
017
022
000
000
070
000
011
017
016
000
000
000
060
001
011
017
006
000
000
000
060
002
023
013
017
016
000
000
060
000
023
022
021
000
000
000
060
003
007
024
006
000
000
000
060
004
022
024
006
000
000
000
060
005
023
007
024
000
000
000
060
006
003
001
006
000
000
000
060
007
022
023
006
000
000
000
060
011
022
022
002
000
000
000
060
012
022
006
003
000
000
000
060
014
022
003
003
000
000
000
060
016
022
020
005
000
000
000
060
010
020
003
005
000
000
000
060
020
020
023
006
000
000
000
060
021
020
003
006
000
000
000
060
022
020
020
003
000
000
000
060
024
020
014
023
000
000
000
060
026
013
023
006
000
000
000
060
031
013
003
003
000
000
000
060
032
013
022
023
000
000
000
060
034
013
022
002
000
000
000
060
036
013
003
006
000
000
000
060
030
013
011
005
000
000
000
060
035
024
023
006
000
000
000
060
041
024
003
006
000
000
000
060
042
024
014
023
000
000
000
060
046
024
020
003
000
000
000
060
044
024
006
014
000
000
000
060
040
024
023
013
000
000
000
060
045
016
017
020
000
000
000
070
000
011
001
003
000
000
000
070
001
022
001
014
000
000
000
070
004
022
024
014
000
000
000
070
006
022
001
022
000
000
000
070
010
022
024
022
000
000
000
070
012
003
015
014
000
000
000
070
020
003
015
001
000
000
000
070
040
003
014
014
000
000
000
071
000
003
014
001
000
000
000
072
000
002
023
027
000
000
000
070
002
010
014
024
000
000
000
074
002
017
023
022
000
000
000
074
004
023
013
020
000
000
000
074
010
023
016
014
000
000
000
074
020
023
032
014
000
000
000
074
030
023
032
001
000
000
000
074
040
023
016
001
000
000
000
074
050
023
015
001
000
000
000
075
000
023
020
001
000
000
000
075
010
003
011
001
000
000
000
070
041
014
001
023
000
000
000
076
004
023
024
014
000
000
000
071
020
007
014
013
000
000
000
072
004
023
024
001
000
000
000
072
040
015
021
014
000
000
000
074
021
015
021
001
000
000
000
075
001
003
001
015
000
000
000
076
021
023
027
020
000
000
000
075
021
001
003
014
000
000
000
077
001
003
004
006
000
000
000
062
001
003
011
006
000
000
000
062
002
022
004
006
000
000
000
062
014
022
011
006
000
000
000
062
024
022
011
002
000
000
000
062
034
022
015
006
000
000
000
062
044
003
004
011
000
000
000
062
003
000
000
023
025
200
200
200
200
200
200
200
200
200
200
200
200
200
200
200
200
200
200
200
200
200
200
200
200
200
200
